Date       Time     Year Mo  D Hr Mn Height

2000-02-26 12:23:38 2000 02 26 12 23      4
2000-02-26 12:28:38 2000 02 26 12 28   11.5
2000-02-26 12:33:38 2000 02 26 12 33   12.2
2000-02-26 12:38:38 2000 02 26 12 38   12.3
2000-02-26 12:43:39 2000 02 26 12 43   12.1
2000-02-26 12:48:39 2000 02 26 12 48     12
2000-02-26 12:53:39 2000 02 26 12 53   12.4
2000-02-26 12:58:39 2000 02 26 12 58   12.3
2000-02-26 13:03:39 2000 02 26 13 03   12.1
2000-02-26 13:08:40 2000 02 26 13 08   11.9
2000-02-26 13:18:40 2000 02 26 13 18     12
2000-02-26 13:23:40 2000 02 26 13 23   12.1
2000-02-26 13:28:41 2000 02 26 13 28   11.9
2000-02-26 13:33:41 2000 02 26 13 33   11.7
2000-02-26 13:38:41 2000 02 26 13 38     12
2000-02-26 13:43:41 2000 02 26 13 43   11.8
2000-02-26 13:48:41 2000 02 26 13 48   11.5
2000-02-26 13:53:42 2000 02 26 13 53   11.6
2000-02-26 13:58:42 2000 02 26 13 58   11.5
2000-02-26 14:03:42 2000 02 26 14 03   11.4
2000-02-26 14:08:42 2000 02 26 14 08   11.6
2000-02-26 14:13:42 2000 02 26 14 13   11.5
2000-02-26 14:18:43 2000 02 26 14 18   11.7
2000-02-26 14:23:43 2000 02 26 14 23   11.3
2000-02-26 14:28:43 2000 02 26 14 28     11
2000-02-26 14:33:43 2000 02 26 14 33   10.8
2000-02-26 14:38:44 2000 02 26 14 38   10.6
2000-02-26 14:48:44 2000 02 26 14 48   10.7
2000-02-26 14:53:44 2000 02 26 14 53   10.5
2000-02-26 14:58:44 2000 02 26 14 58   10.3
2000-02-26 15:03:45 2000 02 26 15 03   10.3
2000-02-26 15:08:45 2000 02 26 15 08   10.4
2000-02-26 15:18:45 2000 02 26 15 18   10.5
2000-02-26 15:23:45 2000 02 26 15 23   10.2
2000-02-26 15:28:46 2000 02 26 15 28   10.3
2000-02-26 15:33:46 2000 02 26 15 33   10.2
2000-02-26 15:38:46 2000 02 26 15 38     10
2000-02-26 15:43:46 2000 02 26 15 43    9.8
2000-02-26 15:48:47 2000 02 26 15 48    9.5
2000-02-26 15:58:47 2000 02 26 15 58    9.5
2000-02-26 16:03:47 2000 02 26 16 03    9.5
2000-02-26 16:08:47 2000 02 26 16 08    9.2
2000-02-26 16:13:48 2000 02 26 16 13    9.4
2000-02-26 16:18:48 2000 02 26 16 18    9.1
2000-02-26 16:23:48 2000 02 26 16 23    9.2
2000-02-26 16:28:48 2000 02 26 16 28    9.1
2000-02-26 16:33:48 2000 02 26 16 33      9
2000-02-26 16:43:49 2000 02 26 16 43      9
2000-02-26 16:48:49 2000 02 26 16 48      9
2000-02-26 16:58:50 2000 02 26 16 58    9.1
2000-02-26 17:03:50 2000 02 26 17 03      9
2000-02-26 17:08:50 2000 02 26 17 08    8.9
2000-02-26 17:13:50 2000 02 26 17 13    8.8
2000-02-26 17:18:50 2000 02 26 17 18      9
2000-02-26 17:23:51 2000 02 26 17 23    8.7
2000-02-26 17:28:51 2000 02 26 17 28    8.6
2000-02-26 17:33:51 2000 02 26 17 33    8.7
2000-02-26 17:38:51 2000 02 26 17 38    8.6
2000-02-26 17:43:52 2000 02 26 17 43    8.5
2000-02-26 17:48:52 2000 02 26 17 48    8.6
2000-02-26 17:53:52 2000 02 26 17 53    8.6
2000-02-26 17:58:52 2000 02 26 17 58    8.7
2000-02-26 18:03:52 2000 02 26 18 03    8.5
2000-02-26 18:08:53 2000 02 26 18 08    8.4
2000-02-26 18:18:53 2000 02 26 18 18    8.4
2000-02-26 18:23:53 2000 02 26 18 23    8.3
2000-02-26 18:28:53 2000 02 26 18 28    8.4
2000-02-26 18:33:54 2000 02 26 18 33    8.3
2000-02-26 18:38:54 2000 02 26 18 38    8.4
2000-02-26 18:48:54 2000 02 26 18 48    8.5
2000-02-26 18:53:55 2000 02 26 18 53    8.4
2000-02-26 18:58:55 2000 02 26 18 58    8.3
2000-02-26 19:03:55 2000 02 26 19 03    8.1
2000-02-26 19:08:55 2000 02 26 19 08    8.2
2000-02-26 19:13:55 2000 02 26 19 13    8.4
2000-02-26 19:18:56 2000 02 26 19 18    8.2
2000-02-26 19:23:56 2000 02 26 19 23    8.3
2000-02-26 19:33:56 2000 02 26 19 33    8.3
2000-02-26 19:38:56 2000 02 26 19 38    8.1
2000-02-26 19:43:57 2000 02 26 19 43    8.3
2000-02-26 19:48:57 2000 02 26 19 48    8.2
2000-02-26 19:53:57 2000 02 26 19 53      8
2000-02-26 19:58:57 2000 02 26 19 58    8.1
2000-02-26 20:03:58 2000 02 26 20 03    8.2
2000-02-26 20:08:58 2000 02 26 20 08    8.3
2000-02-26 20:13:58 2000 02 26 20 13    8.2
2000-02-26 20:18:58 2000 02 26 20 18    7.8
2000-02-26 20:23:58 2000 02 26 20 23      8
2000-02-26 20:33:59 2000 02 26 20 33    7.9
2000-02-26 20:38:59 2000 02 26 20 38    7.7
2000-02-26 20:43:59 2000 02 26 20 43    7.8
2000-02-26 20:54:00 2000 02 26 20 54    7.8
2000-02-26 20:59:00 2000 02 26 20 59    7.8
2000-02-26 21:04:00 2000 02 26 21 04    7.9
2000-02-26 21:09:00 2000 02 26 21 09    7.7
2000-02-26 21:19:01 2000 02 26 21 19    7.4
2000-02-26 21:24:01 2000 02 26 21 24    7.3
2000-02-26 21:34:01 2000 02 26 21 34    7.4
2000-02-26 21:39:02 2000 02 26 21 39    7.1
2000-02-26 21:44:02 2000 02 26 21 44      7
2000-02-26 21:49:02 2000 02 26 21 49    7.2
2000-02-26 21:54:02 2000 02 26 21 54    7.1
2000-02-26 21:59:02 2000 02 26 21 59      7
2000-02-26 22:04:03 2000 02 26 22 04    7.2
2000-02-26 22:09:03 2000 02 26 22 09    6.7
2000-02-26 22:14:03 2000 02 26 22 14    6.3
2000-02-26 22:19:03 2000 02 26 22 19    5.2
2000-02-26 22:24:03 2000 02 26 22 24    4.4
