SIMULATION SIMULATION SIMULATION

Estimates of plume height
simulated by data stream simulator FOXSim

All plume heights are in km above sea level


Time is UTC

Date       Time     Year Mo  D Hr Mn Height

2017-06-06 16:32:17 2017 06 06 16 32      4
2017-06-06 16:37:17 2017 06 06 16 37   11.5
2017-06-06 16:42:17 2017 06 06 16 42   12.2
2017-06-06 16:47:17 2017 06 06 16 47   12.3
2017-06-06 16:52:17 2017 06 06 16 52   12.1
2017-06-06 16:57:18 2017 06 06 16 57     12
2017-06-06 17:02:18 2017 06 06 17 02   12.4
2017-06-06 17:07:18 2017 06 06 17 07   12.3
2017-06-06 17:12:18 2017 06 06 17 12   12.1
2017-06-06 17:17:18 2017 06 06 17 17   11.9
2017-06-06 17:27:18 2017 06 06 17 27     12
2017-06-06 17:32:18 2017 06 06 17 32   12.1
2017-06-06 17:37:19 2017 06 06 17 37   11.9
2017-06-06 17:42:19 2017 06 06 17 42   11.7
2017-06-06 17:47:19 2017 06 06 17 47     12
2017-06-06 17:52:19 2017 06 06 17 52   11.8
2017-06-06 17:57:19 2017 06 06 17 57   11.5
2017-06-06 18:02:19 2017 06 06 18 02   11.6
2017-06-06 18:07:19 2017 06 06 18 07   11.5
2017-06-06 18:12:20 2017 06 06 18 12   11.4
2017-06-06 18:17:20 2017 06 06 18 17   11.6
2017-06-06 18:22:20 2017 06 06 18 22   11.5
2017-06-06 18:27:20 2017 06 06 18 27   11.7
2017-06-06 18:32:20 2017 06 06 18 32   11.3
2017-06-06 18:37:20 2017 06 06 18 37     11
2017-06-06 18:42:20 2017 06 06 18 42   10.8
2017-06-06 18:47:21 2017 06 06 18 47   10.6
2017-06-06 18:57:21 2017 06 06 18 57   10.7
2017-06-06 19:02:21 2017 06 06 19 02   10.5
2017-06-06 19:07:21 2017 06 06 19 07   10.3
2017-06-06 19:12:21 2017 06 06 19 12   10.3
2017-06-06 19:17:21 2017 06 06 19 17   10.4
2017-06-06 19:27:22 2017 06 06 19 27   10.5
2017-06-06 19:32:22 2017 06 06 19 32   10.2
2017-06-06 19:37:22 2017 06 06 19 37   10.3
2017-06-06 19:42:22 2017 06 06 19 42   10.2
2017-06-06 19:47:22 2017 06 06 19 47     10
2017-06-06 19:52:22 2017 06 06 19 52    9.8
2017-06-06 19:57:22 2017 06 06 19 57    9.5
2017-06-06 20:07:23 2017 06 06 20 07    9.5
2017-06-06 20:12:23 2017 06 06 20 12    9.5
2017-06-06 20:17:23 2017 06 06 20 17    9.2
2017-06-06 20:22:23 2017 06 06 20 22    9.4
2017-06-06 20:27:23 2017 06 06 20 27    9.1
2017-06-06 20:32:23 2017 06 06 20 32    9.2
2017-06-06 20:37:23 2017 06 06 20 37    9.1
2017-06-06 20:42:24 2017 06 06 20 42      9
2017-06-06 20:52:24 2017 06 06 20 52      9
2017-06-06 20:57:24 2017 06 06 20 57      9
2017-06-06 21:07:24 2017 06 06 21 07    9.1
2017-06-06 21:12:24 2017 06 06 21 12      9
2017-06-06 21:17:24 2017 06 06 21 17    8.9
2017-06-06 21:22:25 2017 06 06 21 22    8.8
2017-06-06 21:27:25 2017 06 06 21 27      9
2017-06-06 21:32:25 2017 06 06 21 32    8.7
2017-06-06 21:37:25 2017 06 06 21 37    8.6
2017-06-06 21:42:25 2017 06 06 21 42    8.7
2017-06-06 21:47:25 2017 06 06 21 47    8.6
2017-06-06 21:52:25 2017 06 06 21 52    8.5
2017-06-06 21:57:25 2017 06 06 21 57    8.6
2017-06-06 22:02:26 2017 06 06 22 02    8.6
2017-06-06 22:07:26 2017 06 06 22 07    8.7
2017-06-06 22:12:26 2017 06 06 22 12    8.5
2017-06-06 22:17:26 2017 06 06 22 17    8.4
2017-06-06 22:27:26 2017 06 06 22 27    8.4
2017-06-06 22:32:27 2017 06 06 22 32    8.3
2017-06-06 22:37:27 2017 06 06 22 37    8.4
2017-06-06 22:42:27 2017 06 06 22 42    8.3
2017-06-06 22:47:27 2017 06 06 22 47    8.4
2017-06-06 22:57:27 2017 06 06 22 57    8.5
2017-06-06 23:02:27 2017 06 06 23 02    8.4
2017-06-06 23:07:27 2017 06 06 23 07    8.3
2017-06-06 23:12:28 2017 06 06 23 12    8.1
2017-06-06 23:17:28 2017 06 06 23 17    8.2
2017-06-06 23:22:28 2017 06 06 23 22    8.4
2017-06-06 23:27:28 2017 06 06 23 27    8.2
2017-06-06 23:32:28 2017 06 06 23 32    8.3
2017-06-06 23:42:28 2017 06 06 23 42    8.3
2017-06-06 23:47:28 2017 06 06 23 47    8.1
2017-06-06 23:52:28 2017 06 06 23 52    8.3
2017-06-06 23:57:29 2017 06 06 23 57    8.2
2017-06-07 00:02:29 2017 06 07 00 02      8
2017-06-07 00:07:29 2017 06 07 00 07    8.1
2017-06-07 00:12:29 2017 06 07 00 12    8.2
2017-06-07 00:17:29 2017 06 07 00 17    8.3
2017-06-07 00:22:29 2017 06 07 00 22    8.2
2017-06-07 00:27:29 2017 06 07 00 27    7.8
2017-06-07 00:32:29 2017 06 07 00 32      8
2017-06-07 00:42:30 2017 06 07 00 42    7.9
2017-06-07 00:47:30 2017 06 07 00 47    7.7
2017-06-07 00:52:30 2017 06 07 00 52    7.8
2017-06-07 01:02:30 2017 06 07 01 02    7.8
2017-06-07 01:07:30 2017 06 07 01 07    7.8
2017-06-07 01:12:30 2017 06 07 01 12    7.9
2017-06-07 01:17:31 2017 06 07 01 17    7.7
2017-06-07 01:27:31 2017 06 07 01 27    7.4
2017-06-07 01:32:31 2017 06 07 01 32    7.3
2017-06-07 01:42:31 2017 06 07 01 42    7.4
2017-06-07 01:47:31 2017 06 07 01 47    7.1
2017-06-07 01:52:31 2017 06 07 01 52      7
2017-06-07 01:57:32 2017 06 07 01 57    7.2
2017-06-07 02:02:32 2017 06 07 02 02    7.1
2017-06-07 02:07:32 2017 06 07 02 07      7
2017-06-07 02:12:32 2017 06 07 02 12    7.2
2017-06-07 02:17:32 2017 06 07 02 17    6.7
2017-06-07 02:22:32 2017 06 07 02 22    6.3
2017-06-07 02:27:32 2017 06 07 02 27    5.2
2017-06-07 02:32:32 2017 06 07 02 32    4.4
