SIMULATION SIMULATION SIMULATION

Estimates of plume height
simulated by data stream simulator FOXSim

All plume heights are in km above sea level


Time is UTC

Date       Time     Year Mo  D Hr Mn Height

2017-06-06 16:32:17 2017 06 06 16 32    3.7
2017-06-06 16:37:17 2017 06 06 16 37   11.9
2017-06-06 16:42:17 2017 06 06 16 42   12.5
2017-06-06 16:47:17 2017 06 06 16 47   12.9
2017-06-06 16:52:17 2017 06 06 16 52   11.9
2017-06-06 16:57:18 2017 06 06 16 57   12.3
2017-06-06 17:02:18 2017 06 06 17 02   12.1
2017-06-06 17:07:18 2017 06 06 17 07   12.3
2017-06-06 17:12:18 2017 06 06 17 12   12.1
2017-06-06 17:17:18 2017 06 06 17 17   13.1
2017-06-06 17:22:18 2017 06 06 17 22   12.0
2017-06-06 17:27:18 2017 06 06 17 27   11.5
2017-06-06 17:32:18 2017 06 06 17 32   12.3
2017-06-06 17:37:19 2017 06 06 17 37   12.2
2017-06-06 17:42:19 2017 06 06 17 42   12.4
2017-06-06 17:47:19 2017 06 06 17 47   11.9
2017-06-06 17:52:19 2017 06 06 17 52   12.4
2017-06-06 17:57:19 2017 06 06 17 57   11.4
2017-06-06 18:02:19 2017 06 06 18 02   11.5
2017-06-06 18:07:19 2017 06 06 18 07   11.4
2017-06-06 18:12:20 2017 06 06 18 12   11.4
2017-06-06 18:17:20 2017 06 06 18 17   11.5
2017-06-06 18:22:20 2017 06 06 18 22   11.0
2017-06-06 18:27:20 2017 06 06 18 27   11.6
2017-06-06 18:32:20 2017 06 06 18 32   11.1
2017-06-06 18:37:20 2017 06 06 18 37   10.6
2017-06-06 18:42:20 2017 06 06 18 42   11.1
2017-06-06 18:47:21 2017 06 06 18 47   10.9
2017-06-06 18:52:21 2017 06 06 18 52   10.6
2017-06-06 18:57:21 2017 06 06 18 57   10.5
2017-06-06 19:02:21 2017 06 06 19 02   10.8
2017-06-06 19:07:21 2017 06 06 19 07   10.2
2017-06-06 19:12:21 2017 06 06 19 12   10.6
2017-06-06 19:17:21 2017 06 06 19 17   10.3
2017-06-06 19:22:21 2017 06 06 19 22   10.5
2017-06-06 19:27:22 2017 06 06 19 27   10.5
2017-06-06 19:32:22 2017 06 06 19 32   10.2
2017-06-06 19:37:22 2017 06 06 19 37   10.7
2017-06-06 19:42:22 2017 06 06 19 42   10.2
2017-06-06 19:47:22 2017 06 06 19 47    9.9
2017-06-06 19:52:22 2017 06 06 19 52    9.7
2017-06-06 19:57:22 2017 06 06 19 57    8.9
2017-06-06 20:02:23 2017 06 06 20 02    9.4
2017-06-06 20:07:23 2017 06 06 20 07    9.5
2017-06-06 20:12:23 2017 06 06 20 12   10.0
2017-06-06 20:17:23 2017 06 06 20 17    9.4
2017-06-06 20:22:23 2017 06 06 20 22    9.3
2017-06-06 20:27:23 2017 06 06 20 27    9.0
2017-06-06 20:32:23 2017 06 06 20 32    8.9
2017-06-06 20:37:23 2017 06 06 20 37    9.6
2017-06-06 20:42:24 2017 06 06 20 42    9.5
2017-06-06 20:47:24 2017 06 06 20 47    9.1
2017-06-06 20:52:24 2017 06 06 20 52    9.7
2017-06-06 20:57:24 2017 06 06 20 57    9.4
2017-06-06 21:02:24 2017 06 06 21 02    9.4
2017-06-06 21:07:24 2017 06 06 21 07    9.1
2017-06-06 21:12:24 2017 06 06 21 12    8.1
2017-06-06 21:17:24 2017 06 06 21 17    8.9
2017-06-06 21:22:25 2017 06 06 21 22    9.2
2017-06-06 21:27:25 2017 06 06 21 27    8.7
2017-06-06 21:32:25 2017 06 06 21 32    9.3
2017-06-06 21:37:25 2017 06 06 21 37    8.2
2017-06-06 21:42:25 2017 06 06 21 42    8.4
2017-06-06 21:47:25 2017 06 06 21 47    8.3
2017-06-06 21:52:25 2017 06 06 21 52    9.2
2017-06-06 21:57:25 2017 06 06 21 57    8.8
2017-06-06 22:02:26 2017 06 06 22 02    8.4
2017-06-06 22:07:26 2017 06 06 22 07    9.1
2017-06-06 22:12:26 2017 06 06 22 12    9.3
2017-06-06 22:17:26 2017 06 06 22 17    8.8
2017-06-06 22:22:26 2017 06 06 22 22    8.4
2017-06-06 22:27:26 2017 06 06 22 27    8.3
2017-06-06 22:32:27 2017 06 06 22 32    8.2
2017-06-06 22:37:27 2017 06 06 22 37    8.2
2017-06-06 22:42:27 2017 06 06 22 42    8.1
2017-06-06 22:47:27 2017 06 06 22 47    8.3
2017-06-06 22:52:27 2017 06 06 22 52    8.7
2017-06-06 22:57:27 2017 06 06 22 57    9.3
2017-06-06 23:02:27 2017 06 06 23 02    7.9
2017-06-06 23:07:27 2017 06 06 23 07    7.6
2017-06-06 23:12:28 2017 06 06 23 12    8.4
2017-06-06 23:17:28 2017 06 06 23 17    7.4
2017-06-06 23:22:28 2017 06 06 23 22    8.2
2017-06-06 23:27:28 2017 06 06 23 27    8.6
2017-06-06 23:32:28 2017 06 06 23 32    7.9
2017-06-06 23:37:28 2017 06 06 23 37      8
2017-06-06 23:42:28 2017 06 06 23 42      8
2017-06-06 23:47:28 2017 06 06 23 47    8.3
2017-06-06 23:52:28 2017 06 06 23 52    7.9
2017-06-06 23:57:29 2017 06 06 23 57    8.5
2017-06-07 00:02:29 2017 06 07 00 02    8.7
2017-06-07 00:07:29 2017 06 07 00 07    8.4
2017-06-07 00:12:29 2017 06 07 00 12    7.9
2017-06-07 00:17:29 2017 06 07 00 17    8.2
2017-06-07 00:22:29 2017 06 07 00 22    7.8
2017-06-07 00:27:29 2017 06 07 00 27    7.9
2017-06-07 00:32:29 2017 06 07 00 32    8.1
2017-06-07 00:37:30 2017 06 07 00 37    7.9
2017-06-07 00:42:30 2017 06 07 00 42      8
2017-06-07 00:47:30 2017 06 07 00 47    8.1
2017-06-07 00:52:30 2017 06 07 00 52    7.8
2017-06-07 00:57:30 2017 06 07 00 57    7.8
2017-06-07 01:02:30 2017 06 07 01 02    7.5
2017-06-07 01:07:30 2017 06 07 01 07    7.9
2017-06-07 01:12:30 2017 06 07 01 12      8
2017-06-07 01:17:31 2017 06 07 01 17    7.5
2017-06-07 01:22:31 2017 06 07 01 22    7.4
2017-06-07 01:27:31 2017 06 07 01 27      7
2017-06-07 01:32:31 2017 06 07 01 32    7.5
2017-06-07 01:37:31 2017 06 07 01 37    7.7
2017-06-07 01:42:31 2017 06 07 01 42    7.6
2017-06-07 01:47:31 2017 06 07 01 47    7.4
2017-06-07 01:52:31 2017 06 07 01 52    6.9
2017-06-07 01:57:32 2017 06 07 01 57    7.4
2017-06-07 02:02:32 2017 06 07 02 02    7.1
2017-06-07 02:07:32 2017 06 07 02 07    6.8
2017-06-07 02:12:32 2017 06 07 02 12    7.6
2017-06-07 02:17:32 2017 06 07 02 17    6.6
2017-06-07 02:22:32 2017 06 07 02 22    6.6
2017-06-07 02:27:32 2017 06 07 02 27    5.8
2017-06-07 02:32:32 2017 06 07 02 32    4.8
