Date       Time     Year Mo  D Hr Mn Height

2010-05-06 09:46:46 2010 05 06 09 46    5.1
2010-05-06 09:56:46 2010 05 06 09 56    5.1
2010-05-06 10:01:46 2010 05 06 10 01    5.1
2010-05-06 10:06:47 2010 05 06 10 06    5.1
2010-05-06 10:11:47 2010 05 06 10 11    5.1
2010-05-06 10:16:47 2010 05 06 10 16    5.2
2010-05-06 10:26:47 2010 05 06 10 26    5.1
2010-05-06 10:31:47 2010 05 06 10 31      5
2010-05-06 10:36:47 2010 05 06 10 36    5.1
2010-05-06 10:41:47 2010 05 06 10 41      5
2010-05-06 10:46:48 2010 05 06 10 46    5.1
2010-05-06 10:56:48 2010 05 06 10 56    5.1
2010-05-06 11:01:48 2010 05 06 11 01    5.1
2010-05-06 11:06:48 2010 05 06 11 06      5
2010-05-06 11:11:48 2010 05 06 11 11    5.1
2010-05-06 11:16:48 2010 05 06 11 16    5.1
2010-05-06 11:26:48 2010 05 06 11 26    5.1
2010-05-06 11:31:49 2010 05 06 11 31    5.2
2010-05-06 11:36:49 2010 05 06 11 36    5.2
2010-05-06 11:41:49 2010 05 06 11 41    5.3
2010-05-06 11:46:49 2010 05 06 11 46    5.2
2010-05-06 11:56:49 2010 05 06 11 56    5.2
2010-05-06 12:01:49 2010 05 06 12 01    5.3
2010-05-06 12:06:49 2010 05 06 12 06    5.1
2010-05-06 12:11:50 2010 05 06 12 11    5.2
2010-05-06 12:16:50 2010 05 06 12 16    5.1
2010-05-06 12:26:50 2010 05 06 12 26    5.3
2010-05-06 12:31:50 2010 05 06 12 31    5.2
2010-05-06 12:36:50 2010 05 06 12 36    5.2
2010-05-06 12:41:50 2010 05 06 12 41    5.3
2010-05-06 12:46:50 2010 05 06 12 46    5.2
2010-05-06 12:56:51 2010 05 06 12 56    5.2
2010-05-06 13:01:51 2010 05 06 13 01    5.2
2010-05-06 13:06:51 2010 05 06 13 06    5.2
2010-05-06 13:11:51 2010 05 06 13 11    5.3
2010-05-06 13:16:51 2010 05 06 13 16    5.3
2010-05-06 13:26:51 2010 05 06 13 26    5.1
2010-05-06 13:31:51 2010 05 06 13 31    5.2
2010-05-06 13:36:52 2010 05 06 13 36    5.2
2010-05-06 13:41:52 2010 05 06 13 41    5.3
2010-05-06 13:46:52 2010 05 06 13 46    5.3
2010-05-06 13:56:52 2010 05 06 13 56    5.1
2010-05-06 14:01:52 2010 05 06 14 01    5.2
2010-05-06 14:06:52 2010 05 06 14 06    5.1
2010-05-06 14:11:53 2010 05 06 14 11    5.2
2010-05-06 14:16:53 2010 05 06 14 16      5
2010-05-06 14:26:53 2010 05 06 14 26    5.1
2010-05-06 14:31:53 2010 05 06 14 31    5.1
2010-05-06 14:36:53 2010 05 06 14 36    5.2
2010-05-06 14:41:53 2010 05 06 14 41    5.1
2010-05-06 14:46:53 2010 05 06 14 46    5.2
2010-05-06 14:56:54 2010 05 06 14 56    5.1
2010-05-06 15:01:54 2010 05 06 15 01      5
2010-05-06 15:06:54 2010 05 06 15 06    5.2
2010-05-06 15:11:54 2010 05 06 15 11    5.2
2010-05-06 15:16:54 2010 05 06 15 16    5.3
2010-05-06 15:26:54 2010 05 06 15 26    5.1
2010-05-06 15:31:54 2010 05 06 15 31    5.2
2010-05-06 15:36:55 2010 05 06 15 36    5.1
2010-05-06 15:41:55 2010 05 06 15 41    5.1
2010-05-06 15:46:55 2010 05 06 15 46    5.1
2010-05-06 15:56:55 2010 05 06 15 56    5.1
2010-05-06 16:01:55 2010 05 06 16 01    5.1
2010-05-06 16:06:55 2010 05 06 16 06      5
2010-05-06 16:11:55 2010 05 06 16 11      5
2010-05-06 16:16:56 2010 05 06 16 16      5
2010-05-06 16:26:56 2010 05 06 16 26    5.1
2010-05-06 16:31:56 2010 05 06 16 31      5
2010-05-06 16:36:56 2010 05 06 16 36      5
2010-05-06 16:41:56 2010 05 06 16 41    5.2
2010-05-06 16:46:56 2010 05 06 16 46    5.1
2010-05-06 16:56:56 2010 05 06 16 56    5.1
2010-05-06 17:01:57 2010 05 06 17 01    5.2
2010-05-06 17:06:57 2010 05 06 17 06    5.2
2010-05-06 17:11:57 2010 05 06 17 11    5.2
2010-05-06 17:16:57 2010 05 06 17 16    5.2
2010-05-06 17:26:57 2010 05 06 17 26    5.3
2010-05-06 17:31:57 2010 05 06 17 31    5.4
2010-05-06 17:36:57 2010 05 06 17 36    5.3
2010-05-06 17:41:58 2010 05 06 17 41    5.2
2010-05-06 17:46:58 2010 05 06 17 46    5.1
2010-05-06 17:56:58 2010 05 06 17 56    5.1
2010-05-06 18:01:58 2010 05 06 18 01    5.1
2010-05-06 18:06:58 2010 05 06 18 06    5.1
2010-05-06 18:11:58 2010 05 06 18 11    5.1
2010-05-06 18:16:58 2010 05 06 18 16      5
2010-05-06 18:26:59 2010 05 06 18 26    5.1
2010-05-06 18:31:59 2010 05 06 18 31    5.1
2010-05-06 18:36:59 2010 05 06 18 36    5.2
2010-05-06 18:41:59 2010 05 06 18 41    5.2
2010-05-06 18:46:59 2010 05 06 18 46    5.1
2010-05-06 18:56:59 2010 05 06 18 56    5.2
2010-05-06 19:02:00 2010 05 06 19 02      5
2010-05-06 19:07:00 2010 05 06 19 07    5.1
2010-05-06 19:12:00 2010 05 06 19 12    5.1
2010-05-06 19:17:00 2010 05 06 19 17    5.3
2010-05-06 19:27:00 2010 05 06 19 27    5.1
2010-05-06 19:32:00 2010 05 06 19 32    5.1
2010-05-06 19:37:00 2010 05 06 19 37    5.1
2010-05-06 19:42:00 2010 05 06 19 42    5.2
2010-05-06 19:47:01 2010 05 06 19 47    5.2
2010-05-06 19:57:01 2010 05 06 19 57    5.3
2010-05-06 20:02:01 2010 05 06 20 02    5.2
2010-05-06 20:07:01 2010 05 06 20 07    5.1
2010-05-06 20:12:01 2010 05 06 20 12    5.1
2010-05-06 20:17:01 2010 05 06 20 17    5.2
2010-05-06 20:27:02 2010 05 06 20 27    5.1
2010-05-06 20:32:02 2010 05 06 20 32    5.3
2010-05-06 20:37:02 2010 05 06 20 37    5.3
2010-05-06 20:42:02 2010 05 06 20 42    5.5
2010-05-06 20:47:02 2010 05 06 20 47    5.1
2010-05-06 20:57:02 2010 05 06 20 57    5.3
2010-05-06 21:02:02 2010 05 06 21 02    5.2
2010-05-06 21:07:02 2010 05 06 21 07    5.3
2010-05-06 21:12:03 2010 05 06 21 12      5
2010-05-06 21:17:03 2010 05 06 21 17      5
2010-05-06 21:27:03 2010 05 06 21 27    5.1
2010-05-06 21:32:03 2010 05 06 21 32      5
2010-05-06 21:37:03 2010 05 06 21 37    5.1
2010-05-06 21:42:03 2010 05 06 21 42    5.2
2010-05-06 21:47:03 2010 05 06 21 47    5.3
2010-05-06 21:57:04 2010 05 06 21 57    5.2
2010-05-06 22:02:04 2010 05 06 22 02    5.2
2010-05-06 22:07:04 2010 05 06 22 07    5.2
2010-05-06 22:12:04 2010 05 06 22 12    5.1
2010-05-06 22:17:04 2010 05 06 22 17    5.1
2010-05-06 22:27:05 2010 05 06 22 27    5.3
2010-05-06 22:32:05 2010 05 06 22 32    5.3
2010-05-06 22:37:05 2010 05 06 22 37    5.3
2010-05-06 22:42:05 2010 05 06 22 42    5.3
2010-05-06 22:47:05 2010 05 06 22 47    5.1
2010-05-06 22:57:05 2010 05 06 22 57    5.2
2010-05-06 23:02:05 2010 05 06 23 02    5.4
2010-05-06 23:07:05 2010 05 06 23 07    5.5
2010-05-06 23:12:06 2010 05 06 23 12    5.2
2010-05-06 23:17:06 2010 05 06 23 17    5.4
2010-05-06 23:27:06 2010 05 06 23 27    5.3
2010-05-06 23:32:06 2010 05 06 23 32    5.3
2010-05-06 23:37:06 2010 05 06 23 37    5.4
2010-05-06 23:42:06 2010 05 06 23 42    5.3
2010-05-06 23:47:06 2010 05 06 23 47    5.5
2010-05-06 23:57:07 2010 05 06 23 57    5.4
2010-05-07 00:02:07 2010 05 07 00 02    5.5
2010-05-07 00:07:07 2010 05 07 00 07    5.6
2010-05-07 00:12:07 2010 05 07 00 12    5.4
2010-05-07 00:17:07 2010 05 07 00 17    5.6
2010-05-07 00:27:07 2010 05 07 00 27    5.4
2010-05-07 00:32:07 2010 05 07 00 32    5.5
2010-05-07 00:37:08 2010 05 07 00 37    5.8
2010-05-07 00:42:08 2010 05 07 00 42    5.8
2010-05-07 00:47:08 2010 05 07 00 47    5.6
2010-05-07 00:57:08 2010 05 07 00 57    5.5
2010-05-07 01:02:08 2010 05 07 01 02    5.5
2010-05-07 01:07:08 2010 05 07 01 07    6.5
2010-05-07 01:12:08 2010 05 07 01 12    6.6
2010-05-07 01:17:09 2010 05 07 01 17    6.4
2010-05-07 01:27:09 2010 05 07 01 27    6.5
2010-05-07 01:32:09 2010 05 07 01 32    5.3
2010-05-07 01:37:09 2010 05 07 01 37    5.5
2010-05-07 01:42:09 2010 05 07 01 42    5.7
2010-05-07 01:47:09 2010 05 07 01 47      6
2010-05-07 01:57:09 2010 05 07 01 57    5.3
2010-05-07 02:02:10 2010 05 07 02 02    5.3
2010-05-07 02:07:10 2010 05 07 02 07    5.5
2010-05-07 02:12:10 2010 05 07 02 12    5.4
2010-05-07 02:17:10 2010 05 07 02 17    5.2
2010-05-07 02:27:10 2010 05 07 02 27    5.2
2010-05-07 02:32:10 2010 05 07 02 32    5.2
2010-05-07 02:37:10 2010 05 07 02 37    5.4
2010-05-07 02:42:10 2010 05 07 02 42    5.3
2010-05-07 02:47:11 2010 05 07 02 47    5.5
2010-05-07 02:57:11 2010 05 07 02 57    5.4
2010-05-07 03:02:11 2010 05 07 03 02    5.3
2010-05-07 03:07:11 2010 05 07 03 07    5.3
2010-05-07 03:12:11 2010 05 07 03 12    5.4
2010-05-07 03:17:11 2010 05 07 03 17    5.4
2010-05-07 03:27:12 2010 05 07 03 27    5.3
2010-05-07 03:32:12 2010 05 07 03 32    5.2
2010-05-07 03:37:12 2010 05 07 03 37    5.4
2010-05-07 03:42:12 2010 05 07 03 42    5.4
2010-05-07 03:47:12 2010 05 07 03 47    5.4
2010-05-07 03:57:12 2010 05 07 03 57    5.3
2010-05-07 04:02:12 2010 05 07 04 02    5.4
2010-05-07 04:07:13 2010 05 07 04 07    5.4
2010-05-07 04:12:13 2010 05 07 04 12    5.3
2010-05-07 04:17:13 2010 05 07 04 17    5.4
2010-05-07 04:27:16 2010 05 07 04 27    5.3
2010-05-07 04:32:16 2010 05 07 04 32    5.4
2010-05-07 04:37:16 2010 05 07 04 37    5.4
2010-05-07 04:42:16 2010 05 07 04 42    5.3
2010-05-07 04:47:16 2010 05 07 04 47    5.3
2010-05-07 04:57:16 2010 05 07 04 57    5.4
2010-05-07 05:02:17 2010 05 07 05 02    5.4
2010-05-07 05:07:17 2010 05 07 05 07    5.3
2010-05-07 05:12:17 2010 05 07 05 12    5.4
2010-05-07 05:17:17 2010 05 07 05 17    5.2
2010-05-07 05:27:17 2010 05 07 05 27    5.4
2010-05-07 05:32:17 2010 05 07 05 32    5.3
2010-05-07 05:37:17 2010 05 07 05 37    5.2
2010-05-07 05:42:17 2010 05 07 05 42    5.3
2010-05-07 05:47:18 2010 05 07 05 47    5.3
2010-05-07 05:57:18 2010 05 07 05 57    5.2
2010-05-07 06:02:18 2010 05 07 06 02    5.3
2010-05-07 06:07:18 2010 05 07 05 07    5.4
2010-05-07 06:12:18 2010 05 07 06 12    5.3
2010-05-07 06:17:18 2010 05 07 06 17    5.3
2010-05-07 06:27:19 2010 05 07 06 27    5.3
2010-05-07 06:32:19 2010 05 07 06 32    5.4
2010-05-07 06:37:19 2010 05 07 06 37    5.4
2010-05-07 06:42:19 2010 05 07 06 42    5.3
2010-05-07 06:47:19 2010 05 07 06 47    5.3
2010-05-07 06:57:19 2010 05 07 06 57    5.3
2010-05-07 07:02:19 2010 05 07 07 02    5.4
2010-05-07 07:07:19 2010 05 07 07 07    5.3
2010-05-07 07:12:20 2010 05 07 07 12    5.3
2010-05-07 07:17:20 2010 05 07 07 17    5.3
2010-05-07 07:27:20 2010 05 07 07 27    5.4
2010-05-07 07:32:20 2010 05 07 07 32    5.3
2010-05-07 07:37:20 2010 05 07 07 37    5.4
2010-05-07 07:42:20 2010 05 07 07 42    5.4
2010-05-07 07:47:20 2010 05 07 07 47    5.3
2010-05-07 07:57:21 2010 05 07 07 57    5.4
2010-05-07 08:02:21 2010 05 07 08 02    5.5
2010-05-07 08:07:21 2010 05 07 08 07    5.3
2010-05-07 08:12:21 2010 05 07 08 12    5.2
2010-05-07 08:17:21 2010 05 07 08 17    5.2
2010-05-07 08:27:21 2010 05 07 08 27    5.3
2010-05-07 08:32:21 2010 05 07 08 32    5.4
2010-05-07 08:37:22 2010 05 07 08 37    5.1
2010-05-07 08:42:22 2010 05 07 08 42    5.3
2010-05-07 08:47:22 2010 05 07 08 47    5.3
2010-05-07 08:57:22 2010 05 07 08 57    5.2
2010-05-07 09:02:22 2010 05 07 09 02    5.3
2010-05-07 09:07:22 2010 05 07 09 07    5.1
2010-05-07 09:12:22 2010 05 07 09 12    5.3
2010-05-07 09:17:22 2010 05 07 09 17    5.2
2010-05-07 09:27:23 2010 05 07 09 27    5.2
2010-05-07 09:32:23 2010 05 07 09 32    5.2
2010-05-07 09:37:23 2010 05 07 09 37    5.1
2010-05-07 09:42:23 2010 05 07 09 42    5.1
